0.015625
0.007812
0.005208
0.007812
0.006250
0.005208
0.006696
0.005859
0.005208
0.006250
0.005682
0.006510
0.006010
0.005580
0.006250
0.005859
0.005515
0.006076
0.005757
0.005469
0.005952
0.005682
0.006114
0.005859
0.005625
0.006010
0.005787
0.005580
0.005927
0.005729
0.005544
0.005859
0.005682
0.005974
0.005804
0.005642
0.005912
0.005757
0.005609
0.005859
0.005716
0.005580
0.005814
0.005682
0.005903
0.005774
0.005652
0.005859
0.005740
0.005625
0.005821
0.005709
0.005601
0.005787
0.005682
0.005859
0.005757
0.005657
0.005826
0.005729
0.005635
0.005796
0.005704
0.005615
0.005769
0.005682
0.005830
0.005744
0.005661
0.005804
0.005722
0.005642
0.005779
0.005701
0.005625
0.005757
0.005682
0.005809
0.005736
0.005664
0.005787
0.005716
0.005648
0.005766
0.005699
0.005632
0.005747
0.005682
0.005794
0.005729
0.005666
0.005774
0.005712
0.005652
0.005757
0.005697
0.005638
0.005740
0.005682
0.005781
0.005724
0.005668
0.005765
0.005709
0.005655
0.005749
0.005695
0.005642
0.005734
0.005682
0.005771
0.005720
0.005669
0.005757
0.005707
0.005657
0.005743
0.005694
0.005646
0.005729
0.005682
0.005635
0.005716
0.005670
0.005750
0.005704
0.005659
0.005737
0.005693
0.005649
0.005725
0.005682
0.005639
0.005714
0.005671
0.005744
0.005703
0.005661
0.005733
0.005692
0.005652
0.005722
0.005682
0.005751
0.005711
0.005672
0.005740
0.005701
0.005663
0.005729
0.005691
0.005757
0.005719
0.005682
0.005746
0.005709
0.005673
0.005736
0.005700
0.005762
0.005726
0.005691
0.005752
0.005716
0.005682
0.005742
0.005707
0.005766
0.005732
0.005699
0.005757
0.005723
0.005780
0.005747
0.005714
0.005771
0.005738
0.005706
0.005761
0.005729
0.005784
0.005752
0.005721
0.005774
0.005743
0.005712
0.005765
0.005735
0.005787
0.005757
0.005726
0.005778
0.005748
0.005718
0.005769
0.005740
0.005711
0.005761
0.005732
0.005703
0.005752
0.005724
0.005696
0.005744
0.005716
0.005765
0.005737
0.005709
0.005757
0.005729
0.005702
0.005749
0.005722
0.005695
0.005741
0.005715
0.005688
0.005734
0.005708
0.005753
0.005727
0.005701
0.005746
0.005720
0.005694
0.005738
0.005713
0.005688
0.005731
0.005707
0.005682
0.005725
0.005700
0.005743
0.005718
0.005694
0.005736
0.005712
0.005688
0.005729
0.005705
0.005682
0.005723
0.005699
0.005676
0.005716
0.005693
0.005670
0.005710
0.005687
0.005665
0.005704
0.005682
0.005721
0.005699
0.005676
0.005715
0.005693
0.005671
0.005709
0.005687
0.005666
0.005703
0.005682
0.005660
0.005698
0.005676
0.005714
0.005692
0.005671
0.005708
0.005687
0.005666
0.005703
0.005682
0.005661
0.005697
0.005677
0.005656
0.005692
0.005672
0.005652
0.005687
0.005667
0.005702
0.005682
0.005662
0.005697
0.005677
0.005657
0.005692
0.005672
0.005653
0.005687
0.005667
0.005648
0.005682
0.005663
0.005644
0.005677
0.005658
0.005639
0.005672
0.005654
0.005686
0.005668
0.005649
0.005682
0.005663
0.005645
0.005677
0.005659
0.005641
0.005673
0.005655
0.005637
0.005668
0.005651
0.005633
0.005664
0.005646
0.005677
0.005660
0.005642
0.005673
0.005656
0.005638
0.005669
0.005652
0.005634
0.005665
0.005648
0.005678
0.005661
0.005644
0.005673
0.005657
0.005640
0.005669
0.005653
0.005636
0.005665
0.005649
0.005632
0.005661
0.005645
0.005629
0.005657
0.005641
0.005625
0.005653
0.005637
0.005666
0.005650
0.005634
0.005662
0.005646
0.005630
0.005658
0.005642
0.005627
0.005654
0.005639
0.005623
0.005651
0.005635
0.005662
0.005647
0.005632
0.005659
0.005644
0.005628
0.005655
0.005640
0.005625
0.005652
0.005637
0.005622
0.005648
0.005633
0.005618
0.005645
0.005630
0.005656
0.005641
0.005627
0.005652
0.005638
0.005623
0.005649
0.005635
0.005620
0.005646
0.005631
0.005617
0.005642
0.005628
0.005653
0.005639
0.005625
0.005650
0.005636
0.005622
0.005647
0.005633
0.005619
0.005643
0.005630
0.005616
0.005640
0.005627
0.005651
0.005637
0.005623
0.005648
0.005634
0.005621
0.005644
0.005631
0.005618
0.005641
0.005628
0.005615
0.005638
0.005625
0.005648
0.005635
0.005622
0.005645
0.005632
0.005619
0.005642
0.005629
0.005616
0.005639
0.005626
0.005614
0.005636
0.005624
0.005611
0.005634
0.005621
0.005643
0.005631
0.005618
0.005640
0.005628
0.005615
0.005638
0.005625
0.005613
0.005635
0.005622
0.005644
0.005632
0.005620
0.005641
0.005629
0.005617
0.005639
0.005626
0.005614
0.005636
0.005624
0.005612
0.005633
0.005621
0.005642
0.005630
0.005618
0.005640
0.005628
0.005616
0.005637
0.005625
0.005613
0.005634
0.005622
0.005611
0.005632
0.005620
0.005608
0.005629
0.005617
0.005638
0.005626
0.005615
0.005635
0.005624
0.005612
0.005633
0.005621
0.005610
0.005630
0.005619
0.005607
0.005628
0.005616
0.005636
0.005625
0.005614
0.005634
0.005623
0.005611
0.005631
0.005620
0.005609
0.005629
0.005618
0.005607
0.005626
0.005615
0.005604
0.005624
0.005613
0.005632
0.005621
0.005611
0.005630
0.005619
0.005608
0.005627
0.005617
0.005606
0.005625
0.005614
0.005633
0.005623
0.005612
0.005631
0.005620
0.005610
0.005629
0.005618
0.005607
0.005626
0.005616
0.005634
0.005624
0.005613
0.005632
0.005622
0.005611
0.005630
0.005619
0.005609
0.005627
0.005617
0.005607
0.005625
0.005615
0.005633
0.005623
0.005613
0.005631
0.005621
0.005610
0.005628
0.005618
0.005608
0.005626
0.005616
0.005606
0.005624
0.005614
0.005604
0.005622
0.005612
0.005629
0.005620
0.005610
0.005627
0.005617
0.005608
0.005625
0.005615
0.005606
0.005623
0.005613
0.005603
0.005621
0.005611
0.005628
0.005619
0.005609
0.005626
0.005616
0.005607
0.005624
0.005614
0.005605
0.005622
0.005612
0.005603
0.005620
0.005610
0.005601
0.005618
0.005608
0.005625
0.005616
0.005606
0.005623
0.005614
0.005604
0.005621
0.005612
0.005602
0.005619
0.005610
0.005600
0.005617
0.005608
0.005599
0.005615
0.005606
0.005622
0.005613
0.005604
0.005620
0.005611
0.005602
0.005618
0.005609
0.005600
0.005616
0.005607
0.005598
0.005614
0.005605
0.005621
0.005612
0.005603
0.005619
0.005610
0.005601
0.005617
0.005608
0.005600
0.005615
0.005606
0.005598
0.005613
0.005605
0.005620
0.005611
0.005603
0.005618
0.005610
0.005601
0.005616
0.005608
0.005599
0.005614
0.005606
0.005597
0.005613
0.005604
0.005596
0.005611
0.005602
0.005617
0.005609
0.005601
0.005616
0.005607
0.005599
0.005614
0.005605
0.005597
0.005612
0.005604
0.005595
0.005610
0.005602
0.005594
0.005608
0.005600
0.005615
0.005607
0.005598
0.005613
0.005605
0.005597
0.005611
0.005603
0.005595
0.005610
0.005601
0.005593
0.005608
0.005600
0.005614
0.005606
0.005598
0.005612
0.005604
0.005619
0.005611
0.005603
0.005617
0.005609
0.005601
0.005615
0.005607
0.005621
0.005614
0.005606
0.005620
0.005612
0.005604
0.005618
0.005610
0.005602
0.005616
0.005608
0.005601
0.005615
0.005607
0.005599
0.005613
0.005605
0.005597
0.005611
0.005603
0.005617
0.005610
0.005602
0.005616
0.005608
0.005600
0.005614
0.005606
0.005599
0.005612
0.005605
0.005597
0.005611
0.005603
0.005595
0.005609
0.005601
0.005615
0.005607
0.005600
0.005613
0.005606
0.005598
0.005612
0.005604
0.005597
0.005610
0.005603
0.005595
0.005608
0.005601
0.005594
0.005607
0.005599
0.005613
0.005605
0.005598
0.005611
0.005604
0.005596
0.005609
0.005602
0.005595
0.005608
0.005601
0.005593
0.005606
0.005599
0.005592
0.005605
0.005598
0.005611
0.005603
0.005596
0.005609
0.005602
0.005595
0.005607
0.005600
0.005593
0.005606
0.005599
0.005592
0.005604
0.005597
0.005590
0.005603
0.005596
0.005608
0.005601
0.005594
0.005607
0.005600
0.005593
0.005605
0.005598
0.005591
0.005604
0.005597
0.005590
0.005603
0.005596
0.005608
0.005601
0.005594
0.005607
0.005600
0.005593
0.005605
0.005598
0.005591
0.005604
0.005597
0.005590
0.005602
0.005595
0.005608
0.005601
0.005594
0.005606
0.005599
0.005593
0.005605
0.005598
0.005591
0.005603
0.005596
0.005590
0.005602
0.005595
0.005588
0.005600
0.005594
0.005606
0.005599
0.005592
0.005604
0.005598
0.005591
0.005603
0.005596
0.005590
0.005601
0.005595
0.005588
0.005600
0.005593
0.005587
0.005599
0.005592
0.005604
0.005597
0.005591
0.005602
0.005596
0.005589
0.005601
0.005595
0.005606
0.005600
0.005593
0.005605
0.005598
0.005610
0.005603
0.005597
0.005609
0.005602
0.005614
0.005607
0.005601
0.005612
0.005606
0.005599
0.005611
0.005604
0.005616
0.005609
0.005603
0.005614
0.005608
0.005619
0.005613
0.005607
0.005618
0.005612
0.005605
0.005617
0.005610
0.005622
0.005615
0.005609
0.005620
0.005614
0.005608
0.005619
0.005613
0.005606
0.005617
0.005611
0.005605
0.005616
0.005610
0.005604
0.005615
0.005609
0.005620
0.005613
0.005607
0.005618
0.005612
0.005606
0.005617
0.005611
0.005605
0.005615
0.005609
0.005620
0.005614
0.005608
0.005619
0.005613
0.005607
0.005618
0.005612
0.005606
0.005616
0.005610
0.005604
0.005615
0.005609
0.005620
0.005614
0.005608
0.005618
0.005612
0.005606
0.005617
0.005611
0.005605
0.005616
0.005610
0.005604
0.005614
0.005609
0.005619
0.005613
0.005607
0.005618
0.005612
0.005606
0.005617
0.005611
0.005605
0.005615
0.005609
0.005604
0.005614
0.005608
0.005602
0.005613
0.005607
0.005617
0.005611
0.005606
0.005616
0.005610
0.005604
0.005615
0.005609
0.005603
0.005613
0.005608
0.005602
0.005612
0.005607
0.005601
0.005611
0.005605
0.005615
0.005610
0.005604
0.005614
0.005609
0.005603
0.005613
0.005607
0.005602
0.005612
0.005606
0.005601
0.005611
0.005605
0.005599
0.005609
