0.000000
0.000000
0.000000
0.000000
0.000000
0.000000
0.000000
0.000000
0.000000
0.000000
0.001420
0.001302
0.001202
0.001116
0.001042
0.000977
0.000919
0.000868
0.000822
0.000781
0.000744
0.000710
0.000679
0.000651
0.000625
0.000601
0.000579
0.000558
0.000539
0.001042
0.001008
0.000977
0.000947
0.000919
0.000893
0.000868
0.000845
0.000822
0.000801
0.000781
0.000762
0.000744
0.000727
0.000710
0.000694
0.000679
0.000665
0.000651
0.000638
0.000625
0.000919
0.000901
0.000884
0.000868
0.000852
0.000837
0.000822
0.000808
0.000794
0.000781
0.000768
0.000756
0.000744
0.000732
0.000721
0.000710
0.000700
0.000689
0.000679
0.000670
0.000660
0.000868
0.000856
0.000845
0.000833
0.000822
0.000812
0.000801
0.000791
0.000781
0.000772
0.000762
0.000753
0.000744
0.000735
0.000727
0.000718
0.000710
0.000702
0.000694
0.000859
0.000849
0.000840
0.000831
0.000822
0.000814
0.000805
0.000797
0.000789
0.000781
0.000774
0.000766
0.000758
0.000751
0.000744
0.000737
0.000730
0.000723
0.000717
0.000710
0.000704
0.000837
0.000830
0.000822
0.000815
0.000808
0.000801
0.000794
0.000788
0.000781
0.000775
0.000768
0.000762
0.000756
0.000750
0.000744
0.000738
0.000732
0.000848
0.000841
0.000835
0.000829
0.000822
0.000816
0.000810
0.000804
0.000798
0.000793
0.000787
0.000781
0.000776
0.000770
0.000765
0.000760
0.000754
0.000749
0.000744
0.000739
0.000734
0.000833
0.000828
0.000822
0.000817
0.000812
0.000806
0.000801
0.000796
0.000791
0.000786
0.000781
0.000776
0.000772
0.000767
0.000762
0.000758
0.000753
0.000749
0.000744
0.000740
0.000735
0.000731
0.000818
0.000813
0.000808
0.000804
0.000799
0.000794
0.000790
0.000786
0.000781
0.000777
0.000773
0.000768
0.000764
0.000760
0.000756
0.000752
0.000748
0.000744
0.000740
0.000736
0.000732
0.000810
0.000805
0.000801
0.000797
0.000793
0.000789
0.000785
0.000781
0.000777
0.000774
0.000770
0.000766
0.000762
0.000758
0.000755
0.000751
0.000748
0.000744
0.000741
0.000737
0.000734
0.000803
0.000799
0.000796
0.000792
0.000788
0.000785
0.000781
0.000778
0.000774
0.000771
0.000767
0.000764
0.000761
0.000757
0.000754
0.000751
0.000747
0.000744
0.000741
0.000738
0.000735
0.000731
0.000794
0.000791
0.000788
0.000785
0.000781
0.000778
0.000775
0.000772
0.000768
0.000765
0.000762
0.000759
0.000756
0.000753
0.000750
0.000747
0.000744
0.000741
0.000738
0.000735
0.000793
0.000790
0.000787
0.000784
0.000781
0.000778
0.000775
0.000772
0.000769
0.000767
0.000764
0.000761
0.000758
0.000755
0.000752
0.000750
0.000747
0.000744
0.000741
0.000739
0.000736
0.000790
0.000787
0.000784
0.000781
0.000778
0.000776
0.000773
0.000770
0.000768
0.000765
0.000762
0.000760
0.000757
0.000754
0.000752
0.000749
0.000747
0.000744
0.000742
0.000739
0.000737
0.000786
0.000784
0.000781
0.000779
0.000776
0.000774
0.000771
0.000768
0.000766
0.000763
0.000761
0.000758
0.000756
0.000754
0.000751
0.000749
0.000746
0.000744
0.000742
0.000739
0.000786
0.000784
0.000781
0.000779
0.000776
0.000774
0.000772
0.000769
0.000767
0.000765
0.000762
0.000760
0.000758
0.000755
0.000753
0.000751
0.000749
0.000746
0.000744
0.000742
0.000740
0.000737
0.000781
0.000779
0.000777
0.000774
0.000772
0.000770
0.000768
0.000765
0.000763
0.000761
0.000759
0.000757
0.000755
0.000752
0.000750
0.000748
0.000746
0.000744
0.000742
0.000740
0.000738
0.000779
0.000777
0.000775
0.000773
0.000771
0.000768
0.000766
0.000764
0.000762
0.000760
0.000758
0.000756
0.000754
0.000752
0.000750
0.000748
0.000746
0.000744
0.000742
0.000740
0.000779
0.000777
0.000775
0.000773
0.000771
0.000769
0.000767
0.000765
0.000763
0.000761
0.000759
0.000757
0.000755
0.000753
0.000752
0.000750
0.000748
0.000746
0.000744
0.000742
0.000740
0.000777
0.000775
0.000774
0.000772
0.000770
0.000768
0.000766
0.000764
0.000762
0.000760
0.000758
0.000757
0.000755
0.000753
0.000751
0.000749
0.000748
0.000746
0.000744
0.000742
0.000741
0.000739
0.000774
0.000772
0.000770
0.000768
0.000767
0.000765
0.000763
0.000761
0.000760
0.000758
0.000756
0.000754
0.000753
0.000751
0.000749
0.000747
0.000746
0.000744
0.000742
0.000741
0.000739
0.000772
0.000771
0.000769
0.000767
0.000766
0.000764
0.000762
0.000761
0.000759
0.000757
0.000755
0.000754
0.000752
0.000751
0.000749
0.000747
0.000746
0.000744
0.000742
0.000741
0.000773
0.000771
0.000770
0.000768
0.000766
0.000765
0.000763
0.000761
0.000760
0.000758
0.000757
0.000755
0.000753
0.000752
0.000750
0.000749
0.000747
0.000746
0.000744
0.000743
0.000741
0.000772
0.000770
0.000768
0.000767
0.000765
0.000764
0.000762
0.000761
0.000759
0.000758
0.000756
0.000755
0.000753
0.000752
0.000750
0.000749
0.000747
0.000746
0.000744
0.000743
0.000741
0.000770
0.000769
0.000767
0.000766
0.000764
0.000763
0.000761
0.000760
0.000758
0.000757
0.000756
0.000754
0.000753
0.000751
0.000750
0.000748
0.000747
0.000745
0.000744
0.000743
0.000741
0.000769
0.000768
0.000767
0.000765
0.000764
0.000762
0.000761
0.000759
0.000758
0.000757
0.000755
0.000754
0.000752
0.000751
0.000750
0.000748
0.000747
0.000745
0.000744
0.000743
0.000770
0.000768
0.000767
0.000766
0.000764
0.000763
0.000762
0.000760
0.000759
0.000757
0.000756
0.000755
0.000753
0.000752
0.000751
0.000749
0.000748
0.000747
0.000745
0.000744
0.000743
0.000769
0.000768
0.000766
0.000765
0.000764
0.000762
0.000761
0.000760
0.000758
0.000757
0.000756
0.000754
0.000753
0.000752
0.000750
0.000749
0.000748
0.000747
0.000745
0.000744
0.000743
0.000768
0.000767
0.000765
0.000764
0.000763
0.000762
0.000760
0.000759
0.000758
0.000756
0.000755
0.000754
0.000753
0.000751
0.000750
0.000749
0.000748
0.000746
0.000745
0.000744
0.000743
0.000767
0.000766
0.000765
0.000763
0.000762
0.000761
0.000760
0.000758
0.000757
0.000756
0.000755
0.000754
0.000752
0.000751
0.000750
0.000749
0.000748
0.000746
0.000745
0.000744
0.000743
0.000766
0.000765
0.000764
0.000763
0.000762
0.000760
0.000759
0.000758
0.000757
0.000756
0.000754
0.000753
0.000752
0.000751
0.000750
0.000749
0.000747
0.000746
0.000745
0.000744
0.000743
0.000766
0.000765
0.000763
0.000762
0.000761
0.000760
0.000759
0.000758
0.000756
0.000755
0.000754
0.000753
0.000752
0.000751
0.000750
0.000749
0.000747
0.000746
0.000745
0.000744
0.000743
0.000765
0.000764
0.000763
0.000762
0.000761
0.000759
0.000758
0.000757
0.000756
0.000755
0.000754
0.000753
0.000752
0.000751
0.000749
0.000748
0.000747
0.000746
0.000745
0.000744
0.000743
0.000764
0.000763
0.000762
0.000761
0.000760
0.000759
0.000758
0.000757
0.000756
0.000755
0.000754
0.000752
0.000751
0.000750
0.000749
0.000748
0.000747
0.000746
0.000745
0.000744
0.000743
0.000764
0.000763
0.000762
0.000761
0.000760
0.000758
0.000757
0.000756
0.000755
0.000754
0.000753
0.000752
0.000751
0.000750
0.000749
0.000748
0.000747
0.000746
0.000745
0.000744
0.000743
0.000763
0.000762
0.000761
0.000760
0.000759
0.000758
0.000757
0.000756
0.000755
0.000754
0.000753
0.000752
0.000751
0.000750
0.000749
0.000748
0.000747
0.000746
0.000745
0.000744
0.000743
0.000763
0.000762
0.000761
0.000760
0.000759
0.000758
0.000757
0.000756
0.000755
0.000754
0.000753
0.000752
0.000751
0.000750
0.000749
0.000748
0.000747
0.000746
0.000745
0.000744
0.000743
0.000762
0.000761
0.000760
0.000759
0.000758
0.000757
0.000756
0.000755
0.000754
0.000753
0.000753
0.000752
0.000751
0.000750
0.000749
0.000748
0.000747
0.000746
0.000745
0.000744
0.000743
0.000762
0.000761
0.000760
0.000759
0.000758
0.000757
0.000756
0.000755
0.000754
0.000753
0.000752
0.000751
0.000750
0.000750
0.000749
0.000748
0.000747
0.000746
0.000745
0.000744
0.000743
0.000761
0.000760
0.000759
0.000758
0.000758
0.000757
0.000756
0.000755
0.000754
0.000753
0.000752
0.000751
0.000750
0.000749
0.000749
0.000748
0.000747
0.000746
0.000745
0.000744
0.000743
0.000761
0.000760
0.000759
0.000758
0.000757
0.000756
0.000755
0.000755
0.000754
0.000753
0.000752
0.000751
0.000750
0.000749
0.000748
0.000748
0.000747
0.000746
0.000745
0.000744
0.000761
0.000760
0.000760
0.000759
0.000758
0.000757
0.000756
0.000755
0.000754
0.000753
0.000753
0.000752
0.000751
0.000750
0.000749
0.000748
0.000747
0.000747
0.000763
0.000763
0.000762
0.000761
0.000760
0.000759
0.000758
0.000757
0.000757
0.000756
0.000755
0.000754
0.000753
0.000752
0.000752
0.000751
0.000750
0.000749
0.000748
0.000765
0.000764
0.000763
0.000762
0.000761
0.000761
0.000760
0.000759
0.000758
0.000757
0.000756
0.000755
0.000755
0.000754
0.000753
0.000752
0.000751
0.000751
0.000750
0.000749
0.000748
0.000764
0.000763
0.000763
0.000762
0.000761
0.000760
0.000759
0.000758
0.000758
0.000757
0.000756
0.000755
0.000754
0.000754
0.000753
0.000752
0.000751
0.000750
0.000750
0.000749
0.000748
0.000764
0.000763
0.000762
0.000761
0.000761
0.000760
0.000759
0.000758
0.000757
0.000757
0.000756
0.000755
0.000754
0.000753
0.000753
0.000752
0.000751
0.000750
0.000749
0.000749
0.000764
0.000763
0.000763
0.000762
0.000761
0.000760
0.000759
0.000759
0.000758
0.000757
0.000756
0.000756
0.000755
0.000754
0.000753
0.000752
0.000752
0.000751
0.000750
0.000749
0.000749
0.000764
0.000763
0.000762
0.000761
0.000761
0.000760
0.000759
0.000758
0.000758
0.000757
0.000756
0.000755
0.000755
0.000754
0.000753
0.000752
0.000752
0.000751
0.000750
